Frequency(dec), Gain(dB)
0.03333, -0.00391
0.05, -0.00507
0.13333, -0.00619
0.18333, -0.01004
0.2, -0.01231
0.21667, -0.00922
0.3, -0.01553
0.38333, -0.01955
0.36667, -0.04459
0.45, -0.01069
0.53333, -0.16391
0.58333, -0.06406
0.56667, -0.08401
0.68333, 0.02833
0.66667, -0.09709
0.71667, -0.12188
0.76667, -0.15288
0.85, -0.19161
0.86667, -0.23987
0.91667, -0.24347
1.0, -0.37426
1.05, -0.46613
1.1, -0.6396
1.15, -0.78338
1.16667, -0.88515
1.21667, -1.0877
1.3, -1.20923
1.31667, -1.61688
1.36667, -2.07558
1.45, -2.60519
1.53333, -2.78754
1.51667, -3.28998
1.6, -4.10563
1.61667, -4.63512
1.66667, -5.13311
1.71667, -6.02029
1.83333, -6.61146
1.88333, -8.26768
1.9, -9.14936
1.98333, -9.32227
1.96667, -10.22222
2.08333, -10.67627
2.1, -9.63169
2.11667, -12.77778
2.23333, -14.9404
2.25, -15.95803
2.3, -15.9926
2.35, -16.63765
2.4, -17.61824
2.48333, -20.10338
2.5, -19.59041
2.51667, -20.58059
2.56667, -22.1361
2.65, -21.68873
2.73333, -27.20659
2.71667, -20.77641
2.76667, -26.04453
2.88333, -22.49079
2.9, -26.84923
2.98333, -28.5485
3.0, -28.42225
3.08333, -30.54626
3.1, -31.01158
3.18333, -30.06422
3.2, -33.54435
3.21667, -33.66374
3.26667, -40.98864
3.35, -37.10451
3.36667, -38.12119
3.45, -38.54303
3.53333, -38.86235
3.58333, -40.54281
3.6, -43.16273
3.61667, -42.54267
3.73333, -40.12012
3.75, -45.2457
3.76667, -46.26455
3.85, -45.8014
3.86667, -47.5425
3.95, -47.76236
